t = [
[ 0 1 0 0 1 0 0 0 0 0 1 0 0 0 ];
[ 0 0 0 0 0 0 0 0 0 0 0 0 0 0 ];
[ 0 0 0 0 0 0 0 0 0 0 0 0 0 0 ];
[ 0 1 0 0 0 0 0 0 0 0 0 1 0 0 ];
[ 0 0 0 0 0 0 0 1 0 0 0 0 0 0 ];
[ 0 0 0 0 0 0 0 0 0 0 1 0 0 0 ];
[ 0 1 0 0 0 0 0 0 0 0 0 1 0 0 ];
[ 0 0 0 0 0 0 0 1 0 0 0 0 0 0 ];
[ 1 0 0 0 0 1 0 0 0 0 0 0 0 0 ];
[ 0 0 0 0 0 0 0 1 0 0 1 0 0 0 ];
[ 0 0 0 1 0 0 0 0 0 0 0 0 0 0 ];
[ 0 0 0 0 0 1 0 0 0 0 0 0 0 0 ];
[ 0 1 0 1 0 0 0 0 0 0 0 0 0 0 ];
[ 0 0 0 0 0 0 0 0 0 0 0 0 0 0 ]
]
solveTime = 0.0015561580657958984
isOptimal = true
