t = [
[ 0 0 0 0 0 1 0 0 0 0 0 0 0 0 ];
[ 0 0 0 0 0 0 0 0 0 0 0 0 0 0 ];
[ 0 0 0 0 0 0 0 0 0 0 0 0 0 0 ];
[ 0 1 0 0 0 0 0 0 0 0 0 1 0 0 ];
[ 0 0 0 0 0 0 0 1 0 0 0 0 0 0 ];
[ 0 0 0 0 0 0 0 0 0 0 0 0 0 0 ];
[ 0 0 0 0 0 0 0 0 0 0 1 0 0 0 ];
[ 0 1 0 0 0 0 0 0 0 0 0 0 0 0 ];
[ 0 0 0 0 1 0 0 0 0 0 0 0 0 0 ];
[ 0 0 0 0 0 1 0 0 0 0 0 0 0 0 ];
[ 0 0 0 0 0 0 0 0 0 0 0 0 0 0 ];
[ 0 0 0 0 0 0 0 0 0 0 0 0 0 0 ];
[ 0 0 0 1 0 0 0 0 0 0 1 0 0 0 ];
[ 0 0 0 0 0 0 0 0 0 0 0 0 0 0 ]
]
solveTime = 0.008362054824829102
isOptimal = true
