t = [
[ 1 0 1 0 1 0 1 0 0 0 0 0 0 1 ];
[ 0 0 0 0 0 0 0 0 0 1 0 0 0 0 ];
[ 0 0 0 1 0 0 1 0 0 0 1 0 1 0 ];
[ 0 0 0 0 0 0 0 1 0 0 0 1 0 0 ];
[ 1 0 0 0 0 0 0 0 0 1 0 0 0 0 ];
[ 0 0 1 0 0 0 0 0 0 0 0 1 0 0 ];
[ 0 0 0 0 0 1 0 0 0 1 0 0 1 0 ];
[ 0 1 0 0 0 0 1 0 0 0 0 1 0 1 ];
[ 1 0 0 0 0 0 0 0 0 1 0 0 0 0 ];
[ 0 1 0 1 0 0 1 0 0 0 0 0 0 1 ];
[ 0 0 1 0 0 1 0 0 0 0 0 0 0 0 ];
[ 0 1 0 0 0 0 0 1 0 0 0 0 0 0 ];
[ 0 0 0 1 0 1 0 0 0 0 0 1 0 0 ];
[ 1 0 1 0 0 0 0 0 0 0 0 0 0 1 ]
]
solveTime = 0.009255170822143555
isOptimal = true
