t = [
[ 0 0 0 1 0 0 1 0 1 0 1 0 0 1 ];
[ 0 1 0 0 0 1 0 0 0 0 0 0 0 0 ];
[ 1 0 0 1 0 0 1 0 0 1 0 1 0 0 ];
[ 0 0 1 0 1 0 0 1 0 0 0 0 1 0 ];
[ 0 1 0 0 0 1 0 0 0 0 0 0 0 0 ];
[ 1 0 1 0 1 0 0 1 0 1 0 0 1 0 ];
[ 0 0 0 0 0 1 0 0 1 0 0 1 0 1 ];
[ 1 0 0 0 0 0 0 1 0 0 0 0 0 0 ];
[ 0 0 0 0 1 0 1 0 0 0 0 1 0 1 ];
[ 0 0 1 0 0 1 0 0 0 0 1 0 0 0 ];
[ 1 0 0 0 1 0 0 0 1 0 0 0 0 0 ];
[ 0 1 0 1 0 0 1 0 0 1 0 0 0 1 ];
[ 0 0 0 0 0 0 0 0 1 0 1 0 0 0 ];
[ 1 0 0 0 0 1 0 1 0 0 0 0 0 1 ]
]
solveTime = 0.01096796989440918
isOptimal = true
