t = [
[ 0 0 0 0 0 0 0 0 0 0 0 1 0 0 ];
[ 0 0 0 0 0 1 0 0 1 0 0 0 0 1 ];
[ 1 0 0 0 0 0 0 0 0 0 0 0 0 0 ];
[ 0 0 0 0 0 0 0 0 0 0 0 0 0 0 ];
[ 1 0 0 0 0 0 1 0 1 0 0 0 0 0 ];
[ 0 1 0 0 0 1 0 1 0 0 0 0 0 0 ];
[ 0 0 0 0 0 0 0 0 0 0 0 0 0 0 ];
[ 0 0 0 0 0 0 0 0 0 0 0 0 0 1 ];
[ 1 0 0 0 0 0 0 0 0 0 0 0 1 0 ];
[ 0 0 0 1 0 0 1 0 1 0 1 0 0 0 ];
[ 0 0 0 0 0 0 0 0 0 0 0 0 0 0 ];
[ 0 0 0 0 0 0 0 0 0 0 1 0 0 0 ];
[ 0 0 0 0 0 0 0 0 0 0 0 0 0 0 ];
[ 0 0 0 0 0 0 0 0 0 0 0 0 0 1 ]
]
solveTime = 0.0075550079345703125
isOptimal = true
